0 0.5203125 0.4640625 0.90078125 0.67890625
1 0.1640625 0.51171875 0.16484375 0.309375
2 0.23203125 0.425 0.14375 0.15390625
1 0.35859375 0.70859375 0.27109375 0.125
2 0.309375 0.6203125 0.10546875 0.06640625
2 0.32890625 0.55078125 0.22421875 0.06171875
1 0.76484375 0.48671875 0.23359375 0.3453125
2 0.73515625 0.2953125 0.0859375 0.1203125
1 0.590625 0.57265625 0.3265625 0.22734375
2 0.575 0.4234375 0.175 0.07421875
2 0.596875 0.7265625 0.1515625 0.07109375
2 0.82578125 0.546875 0.0734375 0.07265625
1 0.521875 0.2796875 0.34453125 0.2203125