7 0.49375 0.50078125 0.915625 0.99765625
40 0.353125 0.1984375 0.1578125 0.140625
40 0.47265625 0.16875 0.10859375 0.11640625
40 0.446875 0.30390625 0.0515625 0.11875
40 0.26875 0.2609375 0.07265625 0.12578125
41 0.521875 0.27265625 0.0890625 0.1796875
41 0.209375 0.196875 0.08203125 0.196875
41 0.2140625 0.35703125 0.128125 0.1078125
40 0.70625 0.7984375 0.225 0.26796875
39 0.390625 0.65234375 0.39609375 0.4640625
40 0.42265625 0.62265625 0.26640625 0.36171875
41 0.34921875 0.3171875 0.1078125 0.12421875