0 0.5 0.5203125 0.99921875 0.8625
3 0.346875 0.7765625 0.19609375 0.14921875
3 0.53671875 0.56328125 0.2265625 0.1640625
3 0.8640625 0.3546875 0.16484375 0.14921875
3 0.5296875 0.25703125 0.26953125 0.0359375
3 0.275 0.45390625 0.215625 0.10625
2 0.2828125 0.3265625 0.2078125 0.153125
2 0.7203125 0.67109375 0.26328125 0.2265625
2 0.59453125 0.3953125 0.3140625 0.1375
2 0.528125 0.203125 0.16484375 0.0734375
2 0.7234375 0.246875 0.08671875 0.096875
2 0.87578125 0.4984375 0.1765625 0.12265625
2 0.28515625 0.6125 0.21171875 0.1640625