32 0.534375 0.5 0.78515625 1
40 0.359375 0.36171875 0.07265625 0.1546875
40 0.703125 0.74453125 0.1359375 0.1234375
40 0.55703125 0.7953125 0.0796875 0.1125
40 0.421875 0.09453125 0.0578125 0.109375
39 0.6125 0.440625 0.39609375 0.45390625
39 0.25625 0.4953125 0.1390625 0.2203125
39 0.353125 0.78125 0.10859375 0.24296875
39 0.79609375 0.72265625 0.0890625 0.20546875
39 0.27421875 0.35546875 0.1140625 0.20390625
41 0.2125 0.65859375 0.1234375 0.359375
39 0.21171875 0.434375 0.09375 0.15078125
41 0.321875 0.22578125 0.10625 0.19296875
41 0.48671875 0.1109375 0.1046875 0.1265625
41 0.64296875 0.08984375 0.0640625 0.10390625
41 0.8359375 0.31640625 0.1359375 0.19140625