34 0.53515625 0.4921875 0.73125 0.97890625
40 0.37890625 0.29453125 0.1078125 0.1234375
40 0.3140625 0.41328125 0.10234375 0.11171875
40 0.4703125 0.2265625 0.1484375 0.10234375
40 0.63828125 0.2765625 0.19296875 0.20859375
40 0.73515625 0.4421875 0.146875 0.175
39 0.60859375 0.484375 0.1703125 0.39296875
41 0.46796875 0.40546875 0.13046875 0.17890625
39 0.50390625 0.31484375 0.075 0.08046875
39 0.5015625 0.70859375 0.459375 0.32890625
39 0.58125 0.5859375 0.21171875 0.22265625
40 0.38203125 0.46796875 0.14765625 0.14296875