640 104.13675200000003 1.2753074001040173e-14 104.136752 4.556523457323539e-14 640 640 640 Curry_Rice 0
463.96493200000003 285.483761 3.49616774117198e-14 285.483761 5.6669536278575205e-14 640 463.9649320000001 640 carb 0
365.115616 133.10085500000005 258.998356 133.10085500000005 258.998356 254.12649600000006 365.115616 254.12649600000006 meat 0
529.420274 229.48376100000004 467.752329 229.48376100000004 467.752329 354.11965800000013 529.420274 354.11965800000013 meat 0
611.550685 461.3059830000002 492.7912329999999 461.3059830000002 492.79123300000003 602.023932 611.550685 602.023932 meat 0
526.071233 316.74529900000005 402.612603 316.745299 402.61260300000004 503.0564100000001 526.071233 503.05641000000014 vegetable 0
195.48054800000003 204.731624 97.02575300000004 204.731624 97.02575300000004 321.818803 195.48054800000006 321.818803 vegetable 0
353.770959 221.67521400000004 208.903014 221.675214 208.90301400000004 327.02905999999996 353.770959 327.02905999999996 vegetable 0
424.55671199999995 280.287179 329.13534200000004 280.287179 329.13534200000004 388.48547 424.55671199999995 388.48547 vegetable 0
586.844932 555.090598 424.3200000000001 555.090598 424.3200000000001 640 586.844932 640 vegetable 0
625.586849 290.6940170000001 516.173151 290.6940170000001 516.173151 434.3111110000001 625.586849 434.3111110000001 vegetable 0
640 424.8341880000001 605.518904 424.8341880000001 605.518904 548.895726 640 548.895726 vegetable 0
640 535.535043 582.136986 535.535043 582.136986 639.986325 640 639.986325 vegetable 0
291.664658 155.25470100000004 214.759452 155.254701 214.75945200000007 235.36410300000003 291.664658 235.36410300000006 vegetable 0
557.475068 112.27350400000006 415.149589 112.27350400000006 415.149589 228.07521400000007 557.475068 228.07521400000007 vegetable 0