599.901176 15.043983000000038 0.004706000000001842 15.043983 0.004706000000036904 587.644813 599.901176 587.644813 Curry_Rice 0
159.09176500000007 338.151037 37.85882400000004 338.151037 37.85882400000005 467.18672200000003 159.09176500000007 467.18672200000003 vegetable 0
230.17882400000005 414.86473 127.78823500000004 414.86473 127.78823500000004 540.408299 230.17882400000005 540.408299 vegetable 0
283.722353 261.437344 171.71294100000006 261.437344 171.71294100000006 451.83070499999997 283.722353 451.83070499999997 vegetable 0
393.407059 327.820747 254.44235300000005 327.820747 254.44235300000005 540.40166 393.4070590000001 540.40166 vegetable 0
374.056471 156.68713700000006 280.475294 156.68713700000006 280.475294 247.52199200000007 374.056471 247.52199200000007 vegetable 0
550.545882 267.33278000000007 456.155294 267.33278 456.155294 379.78423200000003 550.545882 379.7842320000001 vegetable 0
558.070588 141.92199200000005 405.95764700000007 141.92199200000005 405.95764700000007 271.13029000000006 558.070588 271.1302900000001 vegetable 0
483.628235 69.63651500000006 401.77411800000004 69.63651500000006 401.77411800000004 144.77676300000005 483.628235 144.77676300000005 vegetable 0
557.590588 73.91203300000005 474.428235 73.91203300000005 474.428235 167.00414900000004 557.590588 167.00414900000004 vegetable 0
316.338824 113.89211600000003 194.72000000000003 113.89211600000003 194.72000000000003 204.99253100000004 316.338824 204.99253100000007 vegetable 0
246.08000000000004 218.64232400000003 76.55529400000003 218.64232399999997 76.55529400000005 351.43568500000003 246.08000000000007 351.43568500000003 vegetable 0
465.232941 196.51452300000005 305.571765 196.51452300000005 305.571765 409.30788400000006 465.232941 409.3078840000001 vegetable 0
389.444706 2.343568000000032 133.152941 2.343568000000016 133.152941 125.86888000000005 389.444706 125.86888000000005 carb 0
192.630588 40.13278000000001 59.548235 40.13278000000001 59.54823500000002 222.718672 192.630588 222.718672 carb 0