639.264 11.92000000000004 31.221333 11.920000000000003 31.221333000000037 593.04 639.264 593.04 Curry_Rice 0
437.6 3.0428717395705126e-14 59.338667 7.266890860722068e-15 59.338667000000015 275.168 437.6 275.168 carb 0
128.90133300000005 251.936 7.95200000000003 251.936 7.952000000000039 389.28 128.90133300000005 389.28 vegetable 0
145.96266700000007 368.296 53.525333000000046 368.296 53.52533300000005 494.072 145.96266700000007 494.072 vegetable 0
210.34666700000005 265.016 123.34933300000003 265.016 123.34933300000004 430.024 210.34666700000005 430.024 vegetable 0
326.693333 281.008 234.86400000000006 281.008 234.86400000000006 403.24799999999993 326.693333 403.24799999999993 vegetable 0
458.54933300000005 404.656 337.653333 404.656 337.65333300000003 583.728 458.54933300000016 583.728 vegetable 0
640 279.5680000000001 571.349333 279.5680000000001 571.349333 432.3680000000001 640 432.3680000000001 vegetable 0
621.429333 211.19200000000006 570.378667 211.19200000000006 570.378667 282.1520000000001 621.429333 282.1520000000001 vegetable 0
331.33866700000004 391.568 189.28000000000003 391.568 189.28000000000003 577.904 331.3386670000001 577.904 meat 0
591.178667 391.5600000000001 465.653333 391.5600000000001 465.6533330000001 551.128 591.178667 551.128 meat 0
571.008 238.8400000000001 492.8 238.8400000000001 492.8 413.7360000000001 571.008 413.7360000000001 meat 0
498.096 158.83200000000005 411.344 158.83200000000005 411.344 279.82400000000007 498.096 279.8240000000001 meat 0
496.54933299999993 67.77600000000005 443.738667 67.77600000000005 443.738667 175.04000000000005 496.54933299999993 175.04000000000005 meat 0
593.509333 128.28800000000007 501.530667 128.28800000000007 501.530667 250.72000000000006 593.509333 250.72000000000006 vegetable 0
588.853333 81.73600000000008 527.712 81.73600000000006 527.712 135.44800000000006 588.853333 135.44800000000006 meat 0
557.050667 42.48000000000006 483.098667 42.480000000000054 483.098667 115.66400000000004 557.050667 115.66400000000004 vegetable 0
474.83733299999994 17.744000000000053 391.957333 17.74400000000005 391.957333 105.16800000000006 474.83733299999994 105.16800000000006 vegetable 0