565.555288 2.986214000000035 3.521926 2.986214 3.5219260000000348 563.240721 565.555288 563.240721 Curry_Rice 0
186.13379200000003 23.34676600000001 17.829751 23.346766 17.82975100000003 454.52895 186.13379200000003 454.52895 carb 0
392.251763 26.322800000000036 154.439209 26.322800000000022 154.439209 180.716861 392.251763 180.71686100000005 carb 0
287.479966 156.36564200000004 135.074119 156.365642 135.07411900000002 371.949947 287.479966 371.949947 carb 0
374.523818 387.125345 318.294067 387.125345 318.294067 446.92428399999994 374.523818 446.92428399999994 vegetable 0
354.275494 195.72937400000006 317.190714 195.72937400000006 317.190714 240.47508000000005 354.275494 240.47508000000005 vegetable 0
280.3315560000001 492.993425 210.43783300000007 492.993425 210.43783300000007 546.887805 280.3315560000001 546.887805 vegetable 0
287.37540800000005 436.791516 234.65107500000005 436.791516 234.65107500000005 497.988547 287.3754080000001 497.988547 vegetable 0
495.12777299999993 88.79915200000006 426.582287 88.79915200000006 426.582287 143.77264100000005 495.12777299999993 143.77264100000005 vegetable 0
441.429407 36.92386000000005 393.134996 36.92386000000004 393.134996 113.35058300000006 441.429407 113.35058300000006 vegetable 0
411.62785900000006 202.78430500000007 348.998108 202.78430500000007 348.998108 282.855567 411.62785900000006 282.855567 vegetable 0
429.6969910000001 452.3435840000001 333.757524 452.3435840000001 333.75752400000005 547.671686 429.69699100000014 547.671686 vegetable 0
535.305245 330.183669 450.052623 330.183669 450.052623 389.43966100000006 535.305245 389.4396610000001 vegetable 0
522.681341 167.29586400000005 466.517627 167.29586400000005 466.517627 216.26977700000003 522.681341 216.26977700000003 vegetable 0
467.662253 170.68929000000003 410.11178 170.68929000000003 410.11178 216.26977700000003 467.662253 216.26977700000003 vegetable 0
434.09939800000006 112.99766700000006 383.28460899999993 112.99766700000006 383.28460899999993 162.61633100000006 434.09939800000006 162.61633100000006 meat 0
452.256578 146.08695700000007 423.184179 146.08695700000007 423.184179 183.67253400000007 452.256578 183.67253400000007 meat 0
338.360791 237.70604500000005 288.354944 237.70604500000005 288.354944 307.94316 338.360791 307.94316 meat 0
352.668616 176.62439000000006 317.939123 176.62439000000006 317.939123 216.26638400000004 352.668616 216.26638400000004 meat 0
269.58693 364.95949100000007 221.63370600000005 364.95949100000007 221.63370600000005 418.6366909999999 269.58693 418.6366909999999 meat 0
198.0615650000001 456.588759 139.77919200000005 456.588759 139.77919200000005 508.284199 198.0615650000001 508.284199 vegetable 0
411.542562 301.495652 312.158212 301.495652 312.158212 384.00339299999996 411.542562 384.00339299999996 meat 0