530.346875 106.84390200000004 136.140625 106.84390200000003 136.14062500000003 520.512195 530.346875 520.512195 Curry_Rice 0
252.43437500000002 210.50243900000004 180.228125 210.502439 180.22812500000003 278.531707 252.43437500000005 278.531707 vegetable 0
534.009375 110.33170700000002 234.86562499999997 110.33170700000002 234.86562500000002 336.36097600000005 534.009375 336.36097600000016 carb 0
290.565625 224.10243900000006 253.57187500000003 224.10243900000006 253.57187500000003 306.590244 290.565625 306.590244 vegetable 0
373.421875 226.96097600000004 294.365625 226.96097600000004 294.365625 264.219512 373.421875 264.219512 vegetable 0
435.078125 277.619512 374.521875 277.619512 374.521875 370.71219499999995 435.078125 370.71219499999995 vegetable 0
486.421875 366.4829270000001 410.453125 366.482927 410.453125 451.44878000000006 486.421875 451.4487800000001 vegetable 0
288.728125 375.785366 216.89687500000005 375.785366 216.89687500000005 450.30243900000005 288.728125 450.30243900000005 vegetable 0
268.934375 280.614634 197.19062500000007 280.614634 197.19062500000007 321.473171 268.934375 321.473171 vegetable 0
370.490625 264.160976 293.446875 264.160976 293.446875 356.970732 370.490625 356.970732 meat 0
400.92500000000007 375.068293 308.575 375.068293 308.57500000000005 476.63902399999995 400.9250000000002 476.63902399999995 meat 0
247.30000000000007 307.097561 172.43750000000006 307.097561 172.43750000000006 362.131707 247.30000000000007 362.131707 meat 0