524.146154 50.60000000000004 62.561538 50.600000000000016 62.56153800000001 340.0769230000001 524.146154 340.0769230000002 FriedChicken_and_FrenchFried 0
345.030769 89.91538500000003 226.661538 89.91538500000003 226.661538 172.60769200000001 345.030769 172.60769200000004 meat 0
526.892308 164.26923100000005 313.846154 164.26923100000005 313.846154 263.51538500000004 526.892308 263.5153850000001 meat 0
486.553846 120.67692300000006 355.723077 120.67692300000006 355.723077 195.84615400000007 486.553846 195.84615400000007 meat 0
485.869231 83.93846200000006 386.5 83.93846200000006 386.5 138.43076900000005 485.869231 138.43076900000005 meat 0
391.530769 82.22307700000005 312.992308 82.22307700000003 312.992308 125.43846200000004 391.530769 125.43846200000006 meat 0
260.261538 165.13076900000002 195.892308 165.130769 195.892308 297.7 260.261538 297.7 meat 0
365.546154 170.25384600000007 257.438462 170.25384600000007 257.438462 324.361538 365.546154 324.361538 meat 0
329.307692 256.576923 254.0153850000001 256.576923 254.0153850000001 335.976923 329.307692 335.976923 meat 0
503.646154 256.58461500000004 359.15384599999993 256.584615 359.15384599999993 328.46153800000013 503.646154 328.46153800000013 meat 0
235.20769200000004 50.60000000000002 64.053846 50.600000000000016 64.05384600000001 336.66153800000006 235.20769200000007 336.66153800000006 carb 0