640 92.73713200000005 1.1357023186590558e-14 92.737132 3.7722778515242425e-14 523.322593 640 523.322593 FriedChicken_and_FrenchFried 0
312.825959 92.04558000000003 75.893805 92.04558 75.89380500000001 183.24243600000003 312.825959 183.24243600000005 meat 0
272.047198 152.39292700000001 149.522124 152.392927 149.52212400000002 240.55952800000003 272.047198 240.55952800000006 meat 0
182.96637200000004 188.862868 36.25722700000003 188.862868 36.25722700000003 273.747741 182.96637200000006 273.747741 meat 0
512.151032 166.22396900000007 234.477876 166.22396900000007 234.47787600000004 253.63614900000005 512.151032 253.63614900000005 meat 0
403.435988 128.50923400000005 232.59941 128.50923400000005 232.59941 184.24833000000007 403.435988 184.24833000000007 meat 0
552.929794 102.10451900000007 364.743363 102.10451900000007 364.743363 183.24243600000005 552.929794 183.24243600000005 meat 0
608.292625 188.86286800000005 388.332743 188.86286800000005 388.332743 261.67701400000004 608.292625 261.6770140000001 meat 0
438.15457200000003 268.077014 3.282996571200802e-14 268.077014 4.820132814022954e-14 519.110413 438.15457200000014 519.110413 carb 0
497.04778799999997 249.20392900000002 230.70206500000006 249.203929 230.70206500000006 370.27583500000003 497.04778799999997 370.27583500000003 meat 0
640 279.38074700000004 427.044248 279.380747 427.044248 368.26404700000006 640 368.2640470000001 meat 0