567.76 57.756391000000036 42.468148 57.756391 42.468148000000035 587.280201 567.76 587.280201 Jajangmyeon 0
494.2933330000001 124.57543900000005 143.407407 124.57543900000003 143.40740700000003 576.585464 494.2933330000001 576.585464 meat 0
441.362963 71.10977400000004 187.851852 71.10977400000003 187.851852 175.45864700000004 441.362963 175.45864700000007 carb 0
555.12 160.66566400000005 450.568889 160.66566400000005 450.568889 494.21954900000003 555.12 494.2195490000001 carb 0
508.83851900000013 415.061654 396.33481500000005 415.061654 396.33481500000005 573.698246 508.83851900000013 573.698246 carb 0
222.53333300000006 276.960401 207.60592600000007 276.960401 207.60592600000007 322.009023 222.53333300000006 322.009023 vegetable 0
345.878519 308.098246 314.174815 308.098246 314.174815 339.777444 345.878519 339.777444 vegetable 0
353.6711110000001 528.248622 327.1111110000001 528.248622 327.1111110000001 560.537343 353.6711110000001 560.537343 vegetable 0
492.71111099999996 232.84611500000005 483.15851899999996 232.84611500000005 483.15851899999996 271.72731800000014 492.71111099999996 271.72731800000014 vegetable 0
187.851852 185.09072699999996 168.81777800000003 185.09072699999996 168.81777800000003 208.789975 187.851852 208.789975 vegetable 0
243.158519 198.99348400000002 221.742222 198.99348400000002 221.742222 218.14536300000003 243.158519 218.1453630000001 vegetable 0
276.257778 200.76992500000006 260.939259 200.76992500000006 260.939259 222.52832100000006 276.257778 222.52832100000006 vegetable 0
263.899259 63.09373400000002 98.506667 63.09373400000001 98.50666700000002 188.30275700000004 263.899259 188.3027570000001 vegetable 0
227.357037 159.418546 205.152593 159.418546 205.152593 190.079198 227.357037 190.079198 vegetable 0
190.93333300000006 379.885714 94.02074100000006 379.885714 94.02074100000006 532.73183 190.93333300000006 532.73183 vegetable 0
144.32296300000002 132.599499 51.552593000000016 132.599499 51.55259300000004 407.5829570000001 144.32296300000004 407.5829570000001 vegetable 0