636.61568 61.84960000000004 8.192000000000007 61.8496 8.19200000000004 590.811136 636.61568 590.811136 Jajangmyeon 0
601.80608 119.19360000000009 404.99072 119.19360000000006 404.99072000000007 513.757184 601.80608 513.757184 carb 0
458.4716800000001 467.35462400000006 328.1907200000001 467.35462400000006 328.1907200000001 556.383232 458.4716800000001 556.383232 carb 0
452.3276800000001 156.05760000000004 172.03071999999997 156.0576 172.03072000000003 471.134208 452.3276800000001 471.134208 vegetable 0
148.59520000000006 312.456192 76.29056000000003 312.456192 76.29056000000004 377.68704 148.59520000000006 377.68704 vegetable 0
153.54240000000004 442.505216 112.81024000000005 442.505216 112.81024000000005 483.70278400000007 153.54240000000004 483.70278400000007 vegetable 0
204.05120000000005 372.8721919999999 153.77024000000006 372.8721919999999 153.77024000000006 426.322944 204.05120000000005 426.322944 vegetable 0
145.35168000000004 396.082176 102.56896000000006 396.082176 102.56896000000006 425.776128 145.35168000000004 425.776128 vegetable 0
161.73440000000005 366.046208 105.13024000000004 366.046208 105.13024000000004 399.545344 161.73440000000005 399.545344 vegetable 0
432.81152 262.280192 337.14944 262.280192 337.14944 327.957504 432.81152 327.957504 vegetable 0
434.06976 147.59321600000007 337.23776 147.59321600000007 337.23776 258.557952 434.06976 258.557952 vegetable 0
158.31936000000002 195.3792 51.37024000000003 195.3792 51.37024000000003 249.266176 158.31936000000005 249.266176 vegetable 0
88.01792000000005 303.241216 38.56896000000004 303.241216 38.56896000000004 349.816832 88.01792000000006 349.816832 vegetable 0
102.35264000000002 261.597184 49.66528000000003 261.597184 49.66528000000004 309.377024 102.35264000000002 309.377024 vegetable 0