561.957333 143.07413300000002 122.78933300000003 143.074133 122.78933300000004 482.29973300000006 561.957333 482.2997330000001 Jajangmyeon 0
407.46400000000006 172.55893300000002 124.65333300000003 172.558933 124.65333300000005 482.417067 407.46400000000006 482.417067 carb 0
435.733333 226.27626700000002 210.24 226.27626700000002 210.24000000000004 399.268267 435.733333 399.268267 vegetable 0
358.12799999999993 169.38666700000005 239.29066699999998 169.38666700000005 239.29066700000004 253.67040000000006 358.12799999999993 253.67040000000006 vegetable 0
477.573333 161.56373300000007 368.176 161.56373300000007 368.176 241.73013300000005 477.573333 241.73013300000005 vegetable 0
473.309333 260.40746700000005 419.736 260.407467 419.736 315.66080000000005 473.309333 315.6608000000001 vegetable 0
534.450667 306.6325330000001 449.954667 306.632533 449.954667 358.318933 534.450667 358.31893300000013 vegetable 0
524.501333 374.18666700000006 454.4 374.18666700000006 454.4 433.3909330000001 524.501333 433.39093300000013 vegetable 0
457.666667 367.0784 386.845333 367.0784 386.845333 410.641067 457.666667 410.641067 vegetable 0
392.253333 357.832533 324.621333 357.832533 324.621333 406.660267 392.253333 406.660267 vegetable 0
414.298667 401.917867 348.624 401.917867 348.624 447.037867 414.298667 447.037867 vegetable 0
456.242667 308.053333 383.288 308.053333 383.288 365.141333 456.242667 365.141333 vegetable 0
555.784 249.74293300000005 489.069333 249.74293300000005 489.069333 310.5472000000001 555.784 310.5472000000001 vegetable 0