610.528 30.11200000000004 31.466667000000008 30.112000000000005 31.46666700000004 580.96 610.528 580.96 Jajangmyeon 0
498.189333 0.26000000000005136 340.264 0.26000000000004164 340.264 318.3960000000001 498.189333 318.39600000000013 vegetable 0
198.86400000000006 313.604 72.17600000000003 313.604 72.17600000000004 440.076 198.86400000000006 440.076 vegetable 0
94.35200000000006 384.26800000000003 44.62400000000004 384.26800000000003 44.62400000000005 478.5 94.35200000000006 478.5 vegetable 0
264.98666700000007 442.936 154.84266700000006 442.936 154.84266700000006 569.224 264.9866670000001 569.224 vegetable 0
427.093333 319.556 352.522667 319.556 352.522667 443.27600000000007 427.093333 443.27600000000007 vegetable 0
627.733333 307.74400000000014 499.616 307.74400000000014 499.61600000000004 514.784 627.733333 514.784 carb 0
563.733333 228.26800000000006 497.482667 228.26800000000006 497.482667 335.4760000000001 563.733333 335.4760000000001 vegetable 0
133.45333300000001 169.60000000000002 83.73066700000003 169.60000000000002 83.73066700000003 245.824 133.45333300000004 245.824 vegetable 0
314.754667 64.26400000000002 131.730667 64.26400000000002 131.73066700000004 265.032 314.754667 265.032 meat 0
515.968 362.36 319.466667 362.36 319.46666700000003 583.096 515.968 583.096 carb 0
348.8853330000001 510.932 234.84800000000007 510.932 234.84800000000007 614.044 348.8853330000001 614.044 carb 0