608.819619 3.7279449883323046e-14 0 0 3.9188697572715304e-14 640 608.819619 640 Kale_and_CrispyPorkRice 0
364.869755 0.011636000000031461 148.943869 0.01163600000001824 148.94386900000003 255.84872700000003 364.869755 255.84872700000005 carb 0
481.3863760000001 479.41818200000006 353.0899180000001 479.418182 353.0899180000001 616.261818 481.3863760000001 616.261818 meat 0
483.845232 185.08800000000005 407.446322 185.08800000000005 407.446322 292.00290900000005 483.845232 292.0029090000001 meat 0
567.542234 161.81527300000005 512.087193 161.81527300000005 512.087193 279.9476360000001 567.542234 279.9476360000001 meat 0
571.649046 112.52363600000007 527.476839 112.52363600000007 527.476839 159.44145500000005 571.649046 159.44145500000005 meat 0
506.951499 113.43127300000006 451.025613 113.43127300000006 451.025613 202.89163600000006 506.951499 202.89163600000006 vegetable 0
509.009264 52.08436400000005 446.107902 52.08436400000005 446.107902 112.54690900000006 509.009264 112.54690900000006 meat 0
499.15640300000007 288.70981800000004 345.99237099999993 288.709818 345.99237100000005 496.37236400000006 499.1564030000001 496.3723640000001 vegetable 0
561.787466 241.22181800000007 478.22125299999993 241.22181800000007 478.22125300000005 467.2930910000001 561.787466 467.2930910000001 meat 0
382.8316080000001 374.004364 294.312807 374.004364 294.3128070000001 566.958545 382.83160800000013 566.958545 vegetable 0
334.50899200000003 361.669818 280.239782 361.669818 280.23978200000005 534.097455 334.5089920000001 534.097455 meat 0
384.558038 256.267636 275.112807 256.267636 275.112807 355.52581799999996 384.558038 355.52581799999996 vegetable 0
604.407629 160.53527300000007 542.918801 160.53527300000007 542.918801 489.0065450000002 604.407629 489.0065450000002 vegetable 0
452.67356899999993 29.021091000000048 366.421798 29.02109100000004 366.421798 180.24727300000006 452.67356899999993 180.24727300000006 vegetable 0
400.2703 159.44145500000005 336.967847 159.44145500000005 336.967847 250.81018200000005 400.2703 250.81018200000005 vegetable 0