575.656 3.930234479567617e-14 66.2 8.107161810355479e-15 66.20000000000005 640 575.656 640 Kale_and_CrispyPorkRice 0
396.48 241.60000000000002 235.20000000000005 241.60000000000002 235.20000000000005 456.89599999999996 396.48 456.89599999999996 meat 0
289.30400000000003 350.93333299999995 189.19200000000006 350.93333299999995 189.19200000000006 520.874667 289.3040000000001 520.874667 meat 0
224.51200000000006 404.266667 128.19200000000006 404.266667 128.19200000000006 524.074667 224.51200000000006 524.074667 meat 0
412.4880000000001 526.933333 282.2000000000001 526.933333 282.2000000000001 640 412.4880000000001 640 meat 0
184.52800000000002 222.933333 105.20000000000003 222.933333 105.20000000000005 386.517333 184.52800000000002 386.517333 meat 0
264.504 32.26666700000002 161.192 32.26666700000001 161.192 140.19200000000004 264.504 140.19200000000006 meat 0
570.064 22.922667000000054 280.208 22.922667000000033 280.208 382.24 570.064 382.2400000000001 vegetable 0
285.304 129.60000000000002 145.192 129.6 145.19200000000004 332.13866699999994 285.304 332.13866699999994 vegetable 0
189.32000000000005 461.6 90.20000000000007 461.6 90.20000000000007 607.242667 189.32000000000005 607.242667 vegetable 0
507.67200000000014 552.277333 376.2000000000001 552.277333 376.2000000000001 640 507.67200000000014 640 vegetable 0
576.2 313.61066700000003 267.704 313.610667 267.70400000000006 562.464 576.2 562.464 carb 0