584.992593 75.53481500000004 58.66963000000001 75.534815 58.66963000000004 523.386667 584.992593 523.386667 Kale_and_CrispyPorkRice 0
461.7511109999999 81.77777800000004 252.145185 81.77777800000003 252.14518500000003 261.297778 461.7511109999999 261.297778 carb 0
505.481481 292.14814800000005 409.611852 292.148148 409.611852 415.46666700000003 505.481481 415.4666670000001 meat 0
453.62666700000005 295.111111 323.108148 295.111111 323.1081480000001 491.365926 453.6266670000001 491.365926 vegetable 0
397.333333 296.595556 301.783704 296.595556 301.783704 410.722963 397.333333 410.722963 meat 0
252.008889 127.70074100000002 169.182222 127.70074100000002 169.182222 190.14222200000003 252.008889 190.14222200000006 meat 0
201.05481500000002 281.780741 144.00000000000006 281.780741 144.00000000000006 370.402963 201.05481500000002 370.402963 meat 0
142.99259300000006 406.22814800000003 92.14814800000006 406.22814800000003 92.14814800000006 484.24888899999996 142.99259300000006 484.24888899999996 vegetable 0
166.69333300000005 329.185185 72.89185200000003 329.185185 72.89185200000004 435.626667 166.69333300000005 435.626667 meat 0
304.15407400000004 428.426667 144.29629600000007 428.426667 144.29629600000007 523.383704 304.1540740000001 523.383704 vegetable 0
215.11407400000002 426.96 170.24888900000005 426.96 170.24888900000005 461.715556 215.11407400000002 461.715556 meat 0
492.14814800000005 382.51555600000006 351.54963 382.51555600000006 351.54963000000004 519.825185 492.1481480000001 519.825185 meat 0
220.01481500000006 221.92296300000004 155.558519 221.92296300000004 155.55851900000002 285.016296 220.01481500000006 285.016296 meat 0
501.0340739999999 252.15111100000004 402.503704 252.15111100000004 402.503704 311.1081480000001 501.0340739999999 311.10814800000014 meat 0
512.891852 176.59555600000004 443.97925900000007 176.59555600000004 443.97925900000007 252.99851900000004 512.891852 252.99851900000004 meat 0
139.43703700000003 225.484444 65.48148100000003 225.484444 65.48148100000003 312.293333 139.43703700000006 312.293333 vegetable 0
159.58518500000002 160.29037 80.29629600000004 160.29037 80.29629600000004 235.205926 159.58518500000005 235.205926 vegetable 0
299.413333 237.33629600000003 210.66666700000007 237.336296 210.66666700000007 333.638519 299.413333 333.638519 vegetable 0
291.117037 167.70074100000005 240.29629599999998 167.70074100000005 240.29629599999998 230.46222200000005 291.117037 230.46222200000005 vegetable 0
275.70963 373.63259299999993 184.00000000000006 373.63259299999993 184.00000000000006 426.142222 275.70963 426.142222 vegetable 0
321.774815 284.737778 266.231111 284.737778 266.231111 364.471111 321.774815 364.471111 vegetable 0
356.444444 260.435556 282.820741 260.435556 282.820741 299.244444 356.444444 299.244444 vegetable 0
555.555556 371.8548150000001 478.340741 371.8548150000001 478.34074100000004 466.4622220000001 555.555556 466.4622220000001 vegetable 0
554.180741 323.2622220000001 474.37037 323.2622220000001 474.37037 388.1925930000001 554.180741 388.1925930000001 vegetable 0
576.696296 247.70370400000004 514.373333 247.70370400000004 514.373333 340.75259300000016 576.696296 340.75259300000016 vegetable 0
520.595556 453.31259300000005 389.47259299999996 453.312593 389.4725930000001 529.312593 520.595556 529.312593 vegetable 0
395.39259300000003 426.965926 303.997037 426.965926 303.99703700000003 487.807407 395.39259300000015 487.807407 vegetable 0