541.603125 68.60841400000004 152.009375 68.60841400000002 152.00937500000003 535.332039 541.603125 535.332039 Kale_and_CrispyPorkRice 0
466.61875000000003 334.23430400000007 379.84375 334.234304 379.84375000000006 483.53657000000004 466.6187500000001 483.5365700000001 meat 0
536.09375 316.75857600000006 457.86875 316.758576 457.86875 404.1423950000001 536.09375 404.14239500000014 meat 0
379.759375 71.45631100000004 166.565625 71.45631100000003 166.56562500000004 343.69449799999995 379.759375 343.69449799999995 carb 0
396.003125 247.25436900000005 301.096875 247.25436900000005 301.096875 351.984466 396.003125 351.984466 meat 0
450.15625 245.28155300000006 396.00625 245.28155300000006 396.00625 282.459547 450.15625 282.459547 meat 0
446 194.4336570000001 408.75 194.4336570000001 408.75 250.45954700000004 446 250.45954700000004 meat 0
424.75 193.13915900000006 357.1875 193.13915900000006 357.1875 292.92945 424.75 292.92945 vegetable 0
399.753125 198.31197400000005 379.059375 198.31197400000005 379.059375 246.31197400000005 399.753125 246.31197400000005 meat 0
379.84062500000005 340.58252400000003 220.40937500000007 340.58252400000003 220.40937500000007 536.176052 379.84062500000005 536.176052 vegetable 0
286.021875 286.343042 222.02812500000005 286.343042 222.02812500000005 407.92233 286.021875 407.92233 meat 0
486.09375 406.88673100000005 452.24375 406.88673100000005 452.24375 449.449838 486.09375 449.4498380000001 vegetable 0
510.3125 216.27443400000007 437.875 216.27443400000007 437.875 317.41100300000005 510.3125 317.4110030000001 vegetable 0
313.596875 224.21229800000006 282.903125 224.21229800000006 282.903125 327.119741 313.596875 327.119741 vegetable 0