534.581333 159.58400000000003 72.82133300000002 159.584 72.82133300000004 524.362667 534.581333 524.362667 Kale_and_CrispyPorkRice 0
474.282667 152.46933300000003 227.83999999999997 152.469333 227.84000000000003 338.7946670000001 474.282667 338.7946670000001 carb 0
516.373333 377.17333300000007 337.344 377.173333 337.344 446.93333300000006 516.373333 446.9333330000001 vegetable 0
533.898667 344.4800000000001 393.504 344.48 393.504 403.082667 533.898667 403.08266700000013 vegetable 0
241.07733300000007 268.224 184.60800000000006 268.224 184.60800000000006 302.357333 241.07733300000007 302.357333 vegetable 0
505.1840000000001 428.37333300000006 425.376 428.373333 425.37600000000003 501.58933300000007 505.18400000000014 501.5893330000001 vegetable 0
328.682667 344.469333 233.53600000000006 344.469333 233.53600000000006 464.021333 328.682667 464.021333 vegetable 0
403.7653330000001 475.30666699999995 213.62133300000005 475.30666699999995 213.62133300000005 515.242667 403.7653330000001 515.242667 vegetable 0
180.80000000000007 356.970667 64.57600000000005 356.970667 64.57600000000005 452.629333 180.80000000000007 452.629333 vegetable 0
262.698667 335.925333 112.64000000000003 335.925333 112.64000000000004 444.661333 262.698667 444.661333 meat 0
229.70666700000007 331.6586669999999 92.72533300000003 331.6586669999999 92.72533300000005 411.637333 229.70666700000007 411.637333 meat 0
212.20266700000002 294.378667 89.79200000000003 294.378667 89.79200000000004 367.210667 212.20266700000002 367.210667 vegetable 0
288.8533330000001 428.373333 139.64800000000005 428.373333 139.64800000000005 493.6106669999999 288.85333300000013 493.6106669999999 meat 0
373.034667 382.85866699999997 276.181333 382.85866699999997 276.181333 444.661333 373.034667 444.661333 meat 0
425.52533300000005 432.64 340.04266700000005 432.64 340.04266700000005 483.370667 425.52533300000005 483.370667 meat 0
381.44 331.6586669999999 302.506667 331.6586669999999 302.506667 390.005333 381.44 390.005333 meat 0