625.584991 217.464 18.761726000000028 217.464 18.761726000000053 616.408 625.584991 616.408 SpaghettiwithBasilChicken 0
262.081801 300.804 161.30281400000007 300.804 161.30281400000007 377.548 262.081801 377.548 meat 0
505.3898690000001 476.79600000000005 409.4619140000001 476.796 409.4619140000001 556.692 505.3898690000001 556.692 meat 0
625.590994 360.80000000000007 427.7553469999999 360.79999999999995 427.75534700000003 521.504 625.590994 521.504 carb 0
538.998874 447.46400000000006 496.504315 447.46400000000006 496.50431500000013 491.1120000000001 538.998874 491.1120000000001 meat 0
406.940338 404.136 248.3572230000001 404.136 248.3572230000001 451.128 406.940338 451.128 vegetable 0
510.985366 439.4680000000001 396.445779 439.468 396.4457790000001 487.38000000000005 510.9853660000001 487.3800000000001 vegetable 0
354.923827 266.132 266.36848 266.132 266.36848 328.492 354.923827 328.492 vegetable 0
622.240901 238.79600000000005 405.457411 238.79600000000005 405.457411 350.88400000000007 622.240901 350.8840000000001 vegetable 0
252.46379000000005 258.132 135.28255200000007 258.132 135.28255200000007 316.764 252.46379000000005 316.764 vegetable 0
393.329831 226.13200000000006 263.3606 226.13200000000006 263.3606 261.308 393.329831 261.308 vegetable 0
298.89080700000005 367.468 46.22889300000004 367.468 46.22889300000005 492.18000000000006 298.8908070000001 492.18000000000006 carb 0
194.84577900000005 348.8 21.217261000000043 348.8 21.217261000000043 405.808 194.84577900000005 405.808 vegetable 0
259.6742960000001 456.796 181.31332100000006 456.796 181.31332100000006 558.292 259.67429600000014 558.292 vegetable 0
347.7073170000001 525.472 213.33133200000006 525.472 213.33133200000006 603.616 347.7073170000001 603.616 vegetable 0
478.9733580000001 444.1360000000001 249.35384600000006 444.136 249.35384600000006 599.352 478.97335800000013 599.352 carb 0
465.48292700000013 526.796 384.5283300000001 526.796 384.5283300000001 615.876 465.48292700000013 615.876 vegetable 0
571.022889 318.79600000000005 217.34183900000005 318.796 217.34183900000005 414.86800000000005 571.022889 414.8680000000001 carb 0