585.43268 258.65098000000006 150.63006500000006 258.65098 150.63006500000006 559.858824 585.43268 559.858824 SpaghettiwithBasilChicken 0
584.449673 266.79215700000003 153.51634000000007 266.792157 153.51634000000007 552.564706 584.449673 552.564706 carb 0
435.03268 258.298039 272.397386 258.298039 272.397386 337.84313699999996 435.03268 337.84313699999996 vegetable 0
535.095425 361.0509800000001 485.80915 361.0509800000001 485.80915 396.28235300000017 535.095425 396.28235300000017 vegetable 0
559.550327 432.3686270000001 514.687582 432.3686270000001 514.687582 486.6588240000001 559.550327 486.6588240000001 vegetable 0
417.8823530000001 396.705882 343.111111 396.705882 343.11111100000005 488.690196 417.8823530000001 488.690196 vegetable 0
396.9986930000001 491.411765 334.1071900000002 491.411765 334.1071900000002 541.058824 396.9986930000001 541.058824 vegetable 0
315.419608 345.756863 259.346405 345.756863 259.346405 411.231373 315.419608 411.231373 vegetable 0
230.82352900000006 366.988235 200.5071900000001 366.988235 200.5071900000001 428.211765 230.82352900000006 428.211765 vegetable 0
193.69411800000006 363.592157 152.38692800000007 363.592157 152.38692800000007 406.478431 193.69411800000006 406.478431 vegetable 0
284.84705900000006 414.54117600000006 245.30719000000005 414.54117600000006 245.30719000000005 501.6 284.8470590000001 501.6 meat 0
263.905882 328.784314 237.15555600000005 328.784314 237.15555600000005 386.101961 263.905882 386.101961 meat 0
340.84705900000006 394.164706 309.756863 394.164706 309.756863 447.247059 340.84705900000006 447.247059 meat 0
527.696732 399.26274500000005 450.875817 399.262745 450.875817 462.88627500000007 527.696732 462.8862750000001 meat 0
503.36209200000013 512.188235 458.12287600000013 512.188235 458.12287600000013 542.368627 503.36209200000013 542.368627 meat 0
435.03268 310.611765 367.49803900000006 310.611765 367.49803900000006 355.521569 435.03268 355.521569 meat 0
510.65098 338.97254900000013 488.648366 338.97254900000013 488.648366 365.02745100000016 510.65098 365.02745100000016 meat 0