638.708497 23.10588200000005 200.779085 23.105882000000022 200.77908500000004 540.313725 638.708497 540.313725 SpaghettiwithBasilChicken 0
596.271895 28.815686000000056 415.911111 28.81568600000005 415.911111 226.4000000000001 596.271895 226.4000000000001 vegetable 0
470.656209 318.2980390000001 451.759477 318.298039 451.759477 388.49411800000007 470.656209 388.4941180000001 vegetable 0
558.10719 314.01568600000013 513.55817 314.01568600000013 513.55817 398.7686270000001 558.10719 398.7686270000001 vegetable 0
625.783007 339.68627500000014 600.067974 339.68627500000014 600.067974 395.34117600000013 625.783007 395.34117600000013 vegetable 0
381.68366 325.419608 284.439216 325.419608 284.439216 409.043137 381.68366 409.043137 carb 0
385.490196 295.482353 349.087582 295.482353 349.087582 341.694118 385.490196 341.694118 vegetable 0
438.718954 311.160784 368.0993460000001 311.160784 368.0993460000001 387.34902 438.718954 387.34902 meat 0
436.444444 306.886275 402.332026 306.886275 402.332026 349.67843099999993 436.444444 349.67843099999993 vegetable 0
282.070588 237.01176500000003 201.73594800000006 237.011765 201.73594800000006 347.396078 282.070588 347.396078 meat 0
274.473203 353.93725500000005 227.40392200000005 353.93725500000005 227.40392200000005 459.270588 274.473203 459.270588 meat 0
348.23529400000007 403.85098 309.166013 403.85098 309.1660130000001 483.239216 348.2352940000001 483.239216 meat 0
452.407843 205.62352900000005 383.315033 205.62352900000005 383.315033 286.894118 452.407843 286.894118 meat 0
416.669281 160.00784300000007 352.8993459999999 160.00784300000007 352.8993459999999 224.11764700000006 416.669281 224.11764700000006 meat 0
625.783007 416.69019600000007 422.29019600000004 416.690196 422.29019600000004 500.3607840000001 625.783007 500.36078400000014 carb 0
552.026144 399.5764710000002 510.708497 399.5764710000002 510.708497 439.85882400000014 552.026144 439.85882400000014 meat 0
493.46928100000014 482.85490200000004 351.3725490000001 482.854902 351.3725490000001 552.878431 493.46928100000014 552.878431 meat 0
371.037908 199.92941200000007 296.8 199.92941200000007 296.8 308.588235 371.037908 308.588235 carb 0
492.7111110000001 405.2705880000001 387.121569 405.270588 387.12156900000014 509.4901960000001 492.71111100000013 509.49019600000014 carb 0
597.647059 245.56078400000007 512.606536 245.56078400000007 512.606536 322.28235300000006 597.647059 322.28235300000006 carb 0