621.866667 159.50000000000003 41.83333300000002 159.5 41.833333000000046 533.9875 621.866667 533.9875 SpaghettiwithBasilChicken 0
485.1666670000001 399.4984380000001 263.925 399.498438 263.92500000000007 528.001562 485.1666670000002 528.001562 meat 0
619.335417 303.8734380000001 438.56458299999997 303.873438 438.56458299999997 438.02656200000007 619.335417 438.0265620000001 meat 0
472.558333 240.12656200000004 195.16666700000005 240.12656200000004 195.16666700000005 308.06718800000004 472.558333 308.0671880000001 meat 0
427.9 210.75000000000006 321 210.75000000000006 321 279.075 427.9 279.075 meat 0
525.883333 185.12500000000006 395.166667 185.12500000000006 395.166667 251.58125000000007 525.883333 251.58125000000007 meat 0
535.214583 253.87500000000006 456.0020830000001 253.87500000000006 456.0020830000001 302.0687500000001 535.214583 302.06875000000014 meat 0
356.577083 334.5 222.66458300000005 334.5 222.66458300000005 408.5375 356.577083 408.5375 meat 0
225.93333300000006 360.125 112.66666700000005 360.125 112.66666700000005 431.53125 225.93333300000006 431.53125 meat 0
401.235417 280.125 172.66458300000005 280.125 172.66458300000005 339.05625 401.235417 339.05625 vegetable 0
153.94375000000005 288.876562 44.331250000000026 288.876562 44.33125000000003 390.042188 153.94375000000005 390.042188 vegetable 0
260.591667 196.37343700000002 148.5 196.373437 148.50000000000003 248.58281300000002 260.591667 248.58281300000004 vegetable 0
330.58333300000004 165.12500000000003 214.333333 165.125 214.333333 207.59375000000003 330.58333300000004 207.59375000000006 meat 0