572.639234 224.98658100000003 64.29856500000002 224.986581 64.29856500000004 490.6070290000001 572.639234 490.6070290000001 SpaghettiwithBasilChicken 0
360.7349280000001 430.68626199999994 187.79712900000007 430.68626199999994 187.79712900000007 492.263259 360.7349280000001 492.263259 meat 0
531.222967 382.0881790000001 408.29090899999994 382.08817899999997 408.29090900000006 482.40255600000006 531.222967 482.4025560000001 meat 0
142.62966500000005 342.389776 83.23827800000002 342.389776 83.23827800000004 422.154633 142.62966500000005 422.154633 meat 0
558.338756 230.81916900000004 107.84306200000003 230.819169 107.84306200000005 449.5437700000001 558.338756 449.5437700000001 carb 0
433.699522 367.37124600000004 289.286124 367.37124600000004 289.286124 412.201917 433.699522 412.201917 meat 0
394.870813 257.272843 203.29952200000005 257.272843 203.29952200000005 338.27476 394.870813 338.27476 vegetable 0
281.194258 230.80894600000005 245.198086 230.80894600000005 245.19808600000002 247.41214100000005 281.194258 247.41214100000005 meat 0
566.537799 299.9514380000001 491.23827800000004 299.9514380000001 491.23827800000004 399.6932910000001 566.537799 399.6932910000001 vegetable 0
118.02488000000004 313.635783 64.78851700000003 313.635783 64.78851700000004 355.869649 118.02488000000005 355.869649 vegetable 0
189.36650700000007 425.90159700000004 101.69569400000006 425.90159700000004 101.69569400000006 472 189.36650700000007 472 vegetable 0
393.844976 432.010224 336.949282 432.010224 336.949282 456.01533500000005 393.844976 456.01533500000005 vegetable 0
321.0564590000001 430.364217 252.49378000000004 430.364217 252.49378000000004 464.22492 321.05645900000013 464.22492 vegetable 0
466.49569400000007 335.53993600000007 392.819139 335.539936 392.819139 388.19169300000004 466.49569400000007 388.1916930000001 vegetable 0
316.447847 360.18913699999996 214.44593300000005 360.18913699999996 214.44593300000005 433.65623 316.447847 433.65623 vegetable 0
455.027751 264.357827 384.627751 264.357827 384.627751 286.860064 455.027751 286.860064 vegetable 0