487.8169930000001 74.45054500000003 39.325490000000016 74.450545 39.325490000000045 556.486275 487.81699300000014 556.486275 StickyRicewithFriedChicken 0
375.733333 233.69760300000002 272.737255 233.69760300000002 272.737255 439.292375 375.733333 439.292375 meat 0
506.35294100000004 288.90631800000006 330.562092 288.906318 330.56209200000006 543.093682 506.3529410000001 543.093682 meat 0
222.66143800000006 346.3459690000001 87.21568600000003 346.3459690000001 87.21568600000005 515.186057 222.66143800000006 515.186057 meat 0
72.93071900000004 320.969063 34.71895400000004 320.969063 34.71895400000004 385.708061 72.93071900000005 385.708061 carb 0
116.42875800000004 297.279303 62.95947700000005 297.279303 62.95947700000005 395.76122 116.42875800000006 395.76122 meat 0
298.248366 160.63442300000003 193.380392 160.63442299999997 193.38039200000003 256.244009 298.248366 256.244009 vegetable 0
231.02222200000003 224.759913 127.79607800000002 224.759913 127.79607800000002 336.599564 231.02222200000006 336.599564 vegetable 0
136.50719 177.359477 104.78954200000003 177.359477 104.78954200000003 229.451852 136.50719 229.451852 vegetable 0
104.72156900000003 240.11154699999997 52.49673200000003 240.11154699999997 52.49673200000004 304.237037 104.72156900000003 304.237037 vegetable 0
256.120261 78.36862700000003 145.573856 78.36862700000003 145.573856 171.41263600000002 256.120261 171.41263600000005 carb 0
188.36078399999997 152.261438 142.431373 152.261438 142.431373 229.451852 188.36078399999997 229.451852 carb 0
272.005229 251.25228800000002 221.90326800000005 251.252288 221.90326800000005 376.784314 272.005229 376.784314 carb 0
305.573856 230.35119800000007 248.59085 230.35119800000007 248.59085 303.121569 305.573856 303.121569 carb 0