580.21578 12.04256900000004 20.844037 12.042569000000004 20.844037000000036 556.770642 580.21578 556.770642 Tokbokki 0
380.617982 248.36697200000006 289.46789 248.36697200000006 289.46789 354.665688 380.617982 354.665688 vegetable 0
274.94752300000005 421.583853 133.87743100000006 421.583853 133.87743100000006 496.845505 274.9475230000001 496.845505 carb 0
173.96844000000004 243.957431 39.92073400000003 243.957431 39.920734000000046 467.46422 173.96844000000004 467.46422 carb 0
237.36954100000003 130.92990800000004 105.97578000000001 130.929908 105.97578000000001 260.656147 237.36954100000005 260.656147 carb 0
305.614679 60.47119300000003 138.744954 60.471193000000014 138.744954 146.67743100000004 305.614679 146.67743100000007 carb 0
458.104954 39.93247700000005 305.62055 39.93247700000004 305.62055 152.56073400000005 458.104954 152.56073400000005 carb 0
529.726239 107.74311900000004 464.446239 107.74311900000004 464.446239 223.0605500000001 529.726239 223.0605500000001 carb 0
563.963303 213.14348600000005 527.371743 213.14348600000005 527.371743 381.69247700000017 563.963303 381.69247700000017 carb 0
482.759633 354.060917 421.577982 354.060917 421.577982 456.8954130000001 482.759633 456.8954130000002 carb 0
548.515229 358.4587160000001 506.721468 358.4587160000001 506.721468 407.5449540000001 548.515229 407.5449540000001 carb 0
502.717064 138.26935800000007 340.838165 138.26935800000007 340.838165 357.00844000000006 502.717064 357.0084400000001 carb 0
359.480367 97.17431200000004 248.366972 97.17431200000004 248.36697200000003 232.45504600000007 359.480367 232.45504600000007 carb 0
263.198532 342.311927 182.31192700000005 342.311927 182.31192700000005 426.345688 263.198532 426.345688 carb 0
271.418716 279.192661 196.99082600000003 279.192661 196.99082600000003 341.73651399999994 271.418716 341.73651399999994 carb 0
381.94495400000005 343.779817 267.89578 343.779817 267.89578000000006 537.964037 381.94495400000005 537.964037 carb 0
420.10422000000005 425.987523 368.868991 425.987523 368.86899100000005 513.297615 420.1042200000001 513.297615 carb 0