481.50826700000005 45.39200000000004 63.490133 45.39200000000002 63.490133000000036 612.464 481.5082670000001 612.464 Tokbokki 0
185.28213300000004 283.136 85.50613300000003 283.136 85.50613300000006 452.26240000000007 185.28213300000004 452.26240000000007 meat 0
251.90400000000005 393.2128 119.07413300000005 393.2128 119.07413300000005 547.5232 251.90400000000005 547.5232 meat 0
361.1434670000001 496.8992 246.90773300000006 496.8992 246.90773300000006 596.0416 361.1434670000001 596.0416 carb 0
327.0293330000001 474.4576 302.44053300000013 474.4576 302.44053300000013 494.7456 327.0293330000001 494.7456 vegetable 0
300.34133300000013 482.9248 273.69600000000014 482.9248 273.69600000000014 529.248 300.34133300000013 529.248 vegetable 0
347.61386700000014 473.1776 327.4410670000001 473.1776 327.4410670000001 486.0032 347.61386700000014 486.0032 vegetable 0
348.65920000000006 367.824 256.405333 367.824 256.40533300000004 479.5232 348.6592000000001 479.5232 carb 0
442.692267 410.8992 350.56640000000004 410.8992 350.56640000000004 466.6816 442.69226700000013 466.6816 carb 0
379.438933 377.67679999999996 368.0896 377.67679999999996 368.0896 394.3808 379.438933 394.3808 vegetable 0
345.047467 357.344 329.905067 357.344 329.905067 368.1984 345.047467 368.1984 vegetable 0
444.049067 427.4848 427.178667 427.4848 427.178667 462.704 444.049067 462.704 vegetable 0
371.73760000000004 428.2016 360.285867 428.2016 360.285867 443.6576 371.73760000000004 443.6576 vegetable 0
399.8848000000001 479.6672 365.6746670000001 479.6672 365.6746670000001 535.616 399.8848000000001 535.616 carb 0
374.6602670000001 469.83040000000005 361.9882670000001 469.83040000000005 361.9882670000001 492.896 374.6602670000001 492.896 vegetable 0
317.326933 436.8224 285.5616 436.8224 285.5616 458.2816 317.326933 458.2816 vegetable 0
255.73333300000004 377.056 245.32693300000005 377.056 245.32693300000005 399.7632 255.73333300000004 399.7632 vegetable 0
283.594667 253.26400000000007 232.42453300000005 253.26400000000007 232.42453300000005 373.872 283.594667 373.872 carb 0
262.402133 291.9744 234.23786700000005 291.9744 234.23786700000005 348.7168 262.402133 348.7168 vegetable 0
363.157333 294.816 299.7888 294.816 299.7888 352.7104 363.157333 352.7104 carb 0
367.6757329999999 258.0928 348.125867 258.0928 348.125867 283.424 367.6757329999999 283.424 vegetable 0
385.7407999999999 302.752 377.898667 302.752 377.898667 323.4752 385.7407999999999 323.4752 vegetable 0
387.387733 340.4768 376.87466700000004 340.4768 376.87466700000004 359.2096 387.387733 359.2096 vegetable 0
405.102933 304.3744 391.901867 304.3744 391.901867 330.4672 405.102933 330.4672 vegetable 0
427.178667 292.0544 419.413333 292.0544 419.413333 315.8432 427.178667 315.8432 vegetable 0
472.93013299999996 197.55200000000005 419.400533 197.55200000000005 419.400533 299.8176000000001 472.93013299999996 299.81760000000014 carb 0
457.18613300000004 249.62240000000006 442.065067 249.62240000000006 442.065067 269.2512 457.18613300000004 269.2512 vegetable 0
466.218667 227.29280000000006 454.382933 227.29280000000006 454.382933 244.60480000000007 466.218667 244.60480000000007 vegetable 0
479.767467 251.93280000000004 471.32373299999995 251.93280000000004 471.32373299999995 270.4864000000001 479.767467 270.4864000000001 vegetable 0
464.09600000000006 361.78240000000005 434.660267 361.78240000000005 434.660267 478.0128000000001 464.0960000000001 478.0128000000001 carb 0
482.6175999999999 340.11520000000013 467.4496 340.11520000000013 467.4496 358.1888000000001 482.6175999999999 358.1888000000001 vegetable 0
448.221867 334.5632 435.421867 334.5632 435.421867 342.7872 448.221867 342.7872 vegetable 0
407.15946700000006 382.0128 383.2832000000001 382.0128 383.2832000000001 405.9296 407.15946700000006 405.9296 vegetable 0
392.785067 272.9504 371.37493300000006 272.9504 371.37493300000006 280.4192 392.785067 280.4192 vegetable 0
411.84426700000006 143.38880000000006 356.608 143.38880000000006 356.608 263.6512 411.84426700000006 263.6512 carb 0
409.2096 258.16 398.0608 258.16 398.0608 267.3312 409.2096 267.3312 vegetable 0
393.29920000000004 205.78880000000004 374.658133 205.78880000000004 374.658133 229.60320000000002 393.29920000000004 229.60320000000002 vegetable 0
399.972267 153.41760000000005 385.742933 153.41760000000005 385.742933 175.24800000000005 399.972267 175.24800000000005 vegetable 0
388.616533 129.50720000000007 378.410667 129.50720000000007 378.410667 143.55520000000007 388.616533 143.55520000000007 vegetable 0
370.14186699999993 103.32800000000006 357.879467 103.32800000000006 357.879467 126.91840000000006 370.14186699999993 126.91840000000006 vegetable 0
395.594667 109.48800000000006 382.00533300000006 109.48800000000006 382.00533300000006 124.45760000000006 395.594667 124.45760000000006 vegetable 0
353.719467 158.77120000000005 339.400533 158.77120000000005 339.400533 181.14560000000006 353.719467 181.14560000000006 vegetable 0
366.4448 164.16000000000003 355.825067 164.16000000000003 355.825067 176.83200000000005 366.4448 176.83200000000005 vegetable 0
364.1621329999999 48.34880000000004 292.2304 48.34880000000004 292.2304 153.21280000000004 364.1621329999999 153.21280000000004 carb 0
335.805867 126.30400000000003 319.639467 126.30400000000003 319.639467 147.98720000000006 335.805867 147.98720000000006 vegetable 0
300.388267 97.96480000000003 278.171733 97.96480000000003 278.171733 116.42240000000002 300.388267 116.42240000000002 vegetable 0
244.3904 104.06080000000003 151.6672 104.06080000000003 151.6672 163.79200000000003 244.3904 163.79200000000003 carb 0
266.421333 116.34240000000003 191.946667 116.34240000000003 191.946667 210.64640000000003 266.421333 210.64640000000003 carb 0
222.877867 125.07520000000002 211.656533 125.07520000000002 211.656533 151.072 222.877867 151.072 vegetable 0
240.8448 113.98400000000002 227.669333 113.98400000000002 227.669333 135.66720000000004 240.8448 135.66720000000007 vegetable 0
253.1264 97.16800000000003 236.226133 97.16800000000003 236.226133 123.22240000000002 253.1264 123.22240000000002 vegetable 0
186.203733 163.3824 163.850667 163.3824 163.850667 212.5664 186.203733 212.5664 vegetable 0
216.996267 168.7776 201.83680000000004 168.7776 201.83680000000004 187.3056 216.996267 187.3056 vegetable 0
307.3408 177.72160000000002 225.685333 177.7216 225.68533300000007 242.38720000000004 307.3408 242.38720000000006 carb 0
253.9456 155.68640000000005 236.738133 155.68640000000005 236.738133 165.12000000000006 253.9456 165.12000000000006 vegetable 0
271.189333 174.62400000000002 227.498667 174.624 227.498667 216.2624 271.189333 216.26240000000007 vegetable 0
312.251733 171.0848000000001 276.471467 171.0848000000001 276.471467 208.25600000000006 312.251733 208.25600000000006 vegetable 0
242.86080000000004 262.7168 217.23093300000005 262.7168 217.23093300000005 290.2048 242.86080000000004 290.2048 vegetable 0
217.1264 225.8784 177.028267 225.8784 177.02826700000003 351.19680000000005 217.12640000000005 351.19680000000005 carb 0
220.69120000000004 243.4656 209.02186700000004 243.4656 209.02186700000004 255.0816 220.69120000000004 255.0816 vegetable 0
290.894933 248.08320000000006 262.4064 248.08320000000006 262.4064 265.8496 290.894933 265.8496 vegetable 0
301.570133 228.06080000000006 289.610667 228.06080000000006 289.610667 241.20000000000005 301.570133 241.20000000000005 vegetable 0
181.67893300000006 268.8704 172.06186700000006 268.8704 172.06186700000006 294.1888 181.67893300000006 294.1888 vegetable 0
176.16640000000004 213.472 160.738133 213.472 160.73813300000006 238.0736 176.16640000000007 238.0736 vegetable 0
275.4901330000001 542.2144 263.4325330000001 542.2144 263.4325330000001 570.2208 275.4901330000001 570.2208 vegetable 0
102.82026700000003 245.712 69.37386700000003 245.712 69.37386700000003 333.8208 102.82026700000003 333.8208 carb 0
117.82186700000003 243.4656 103.27680000000002 243.4656 103.27680000000002 259.0624 117.82186700000003 259.0624 vegetable 0
162.24 157.8912 85.11573300000003 157.8912 85.11573300000003 231.0496 162.24 231.0496 carb 0
143.66293300000004 203.84 111.38133300000004 203.84 111.38133300000004 283.4816 143.66293300000007 283.4816 carb 0
125.62560000000003 224.98240000000004 107.89760000000003 224.98240000000004 107.89760000000003 238.7232 125.62560000000003 238.7232 vegetable 0
124.32213300000002 261.5232 116.18133300000002 261.5232 116.18133300000002 277.344 124.32213300000002 277.344 vegetable 0
134.58773300000004 245.504 123.16160000000004 245.504 123.16160000000004 260.4032 134.58773300000004 260.4032 vegetable 0
129.9712 209.7632 123.16160000000004 209.7632 123.16160000000004 222.672 129.9712 222.672 vegetable 0
148.616533 150.2976 134.587733 150.2976 134.587733 172.8 148.616533 172.8 vegetable 0
218.00746700000002 212.6624 191.054933 212.6624 191.05493300000003 235.6448 218.00746700000005 235.6448 vegetable 0
321.86453299999994 274.0384 307.3408 274.0384 307.3408 299.8112 321.86453299999994 299.8112 vegetable 0
342.596267 180.41920000000005 300.714667 180.41920000000005 300.714667 272.1504 342.596267 272.1504 carb 0
315.822933 257.9872 302.306133 257.9872 302.306133 271.1008 315.822933 271.1008 vegetable 0
87.63306700000004 339.1136 66.06080000000003 339.1136 66.06080000000004 440.24 87.63306700000004 440.24 carb 0
123.51786700000005 445.6608 94.26133300000005 445.6608 94.26133300000005 529.008 123.51786700000005 529.008 carb 0
259.4261330000001 545.0592 166.32746700000007 545.0592 166.32746700000007 611.9072 259.4261330000001 611.9072 carb 0