640 3.9188697572715304e-14 0 0 3.9188697572715304e-14 640 640 640 Tokbokki 0
328.12799999999993 142.93866700000007 262.933333 142.93866700000007 262.933333 276.389333 328.12799999999993 276.389333 carb 0
457.6 161.59466700000002 330.261333 161.59466700000002 330.261333 328.666667 457.6 328.666667 carb 0
528.266667 222.93333300000006 409.1840000000001 222.93333300000006 409.1840000000001 301.99466700000005 528.266667 301.9946670000001 carb 0
573.605333 276.2666670000001 473.178667 276.2666670000001 473.178667 388.41600000000017 573.605333 388.41600000000017 carb 0
460.266667 312.272 372.928 312.272 372.928 384.154667 460.266667 384.154667 carb 0
568.090667 389.5946670000001 386.128 389.594667 386.12800000000004 580.474667 568.090667 580.474667 carb 0
450.77866700000004 378.933333 333.605333 378.933333 333.605333 416.15999999999997 450.77866700000004 416.15999999999997 carb 0
381.5946670000001 423.626667 235.34400000000005 423.626667 235.34400000000005 469.6 381.5946670000001 469.6 carb 0
351.589333 380.266667 234.92800000000005 380.266667 234.92800000000005 436.437333 351.589333 436.437333 carb 0
418.93333300000006 585.813333 279.0720000000001 585.813333 279.0720000000001 628.266667 418.93333300000006 628.266667 carb 0
323.8666670000001 504.266667 205.60533300000006 504.266667 205.60533300000006 549.536 323.8666670000001 549.536 carb 0
276.2666670000001 576.208 196.94933300000005 576.208 196.94933300000005 610.928 276.2666670000001 610.928 carb 0
212.94933300000002 456.266667 129.60000000000005 456.266667 129.60000000000005 566.602667 212.94933300000002 566.602667 carb 0
161.59466700000002 438.57066700000007 40.17600000000006 438.57066700000007 40.17600000000007 566.933333 161.59466700000002 566.933333 meat 0
153.32800000000006 408.693333 93.49866700000005 408.693333 93.49866700000005 466.933333 153.32800000000006 466.933333 carb 0
80.70400000000004 312.261333 28.266667000000037 312.261333 28.266667000000044 434.298667 80.70400000000005 434.298667 carb 0
190.55466700000005 80.27200000000002 93.605333 80.272 93.60533300000002 235.845333 190.55466700000005 235.845333 carb 0
314.938667 13.594667000000031 194.821333 13.594667000000024 194.821333 150.48000000000002 314.938667 150.48000000000005 carb 0
287.6 161.60000000000002 143.738667 161.6 143.73866700000002 315.861333 287.6 315.861333 meat 0
238.54933300000005 313.594667 118.93333300000003 313.594667 118.93333300000006 392.688 238.54933300000005 392.688 meat 0
112.69866700000003 202.938667 45.59466700000003 202.938667 45.59466700000003 319.066667 112.69866700000003 319.066667 meat 0