640 4.380316671190253e-14 75.36 9.228938278374453e-15 75.36000000000004 640 640 640 Tokbokki 0
614.8 72.27000000000007 366.4 72.27000000000005 366.4 304.13000000000005 614.8 304.1300000000001 vegetable 0
431.3600000000001 406.92999999999995 246.4000000000001 406.92999999999995 246.4000000000001 639.15 431.3600000000001 639.15 carb 0
599.293333 402.94000000000005 439.18666700000006 402.93999999999994 439.18666700000006 478.06000000000006 599.293333 478.0600000000001 carb 0
634.846667 468.2700000000001 471.18000000000006 468.2700000000001 471.18000000000006 563.41 634.846667 563.41 carb 0
252.90000000000006 246.94000000000003 115.74000000000001 246.94 115.74000000000004 424.7 252.90000000000006 424.7 carb 0
262.14 129.60000000000002 144.18 129.6 144.18000000000004 304.12 262.14 304.12 carb 0
363.82 92.28000000000006 272.18 92.28000000000003 272.18 396.96 363.82 396.96 carb 0
549.513333 5.279044133483446e-14 312.62 3.828490823494456e-14 312.62 54.93000000000006 549.513333 54.93000000000008 carb 0
257.1666670000001 446.92 179.74000000000007 446.92 179.74000000000007 517.52 257.16666700000013 517.52 carb 0
496.05333299999995 342.94000000000005 435.733333 342.93999999999994 435.733333 402.30000000000007 496.05333299999995 402.3000000000001 carb 0