616.084 42.932000000000045 40.268 42.932 40.26800000000003 595.9 616.084 595.9 Tokbokki 0
289.74 245.60000000000002 205.6040000000001 245.6 205.6040000000001 380.304 289.74 380.304 carb 0
313.196 193.60000000000002 198.93200000000002 193.6 198.93200000000002 245.82400000000004 313.196 245.82400000000007 carb 0
187.35199999999998 106.92800000000003 140.264 106.92800000000003 140.264 211.664 187.35199999999998 211.664 carb 0
575.552 90.93600000000006 465.6 90.93600000000006 465.6 221.27200000000005 575.552 221.27200000000005 carb 0
429.448 105.60000000000004 336.264 105.60000000000002 336.264 223.40800000000004 429.448 223.40800000000004 vegetable 0
387.856 118.93600000000005 321.6 118.93600000000004 321.6 240.48800000000006 387.856 240.48800000000006 carb 0
428.384 165.59600000000006 369.6 165.59600000000006 369.6 218.06800000000007 428.384 218.06800000000007 vegetable 0
425.60400000000004 133.60400000000007 376.124 133.60400000000007 376.124 242.62000000000006 425.60400000000004 242.62000000000006 carb 0
472.268 154.93200000000004 427.31600000000003 154.93200000000004 427.31600000000003 263.96400000000006 472.268 263.9640000000001 carb 0
329.20000000000005 380.272 209.60000000000005 380.272 209.60000000000005 472.096 329.2000000000001 472.096 carb 0
344.13200000000006 352.264 292.268 352.264 292.268 414.456 344.13200000000006 414.456 carb 0
397.6 304.264 328.12799999999993 304.264 328.12799999999993 428.328 397.6 428.328 carb 0
333.468 222.93200000000007 277.604 222.93200000000007 277.604 354.684 333.468 354.684 carb 0
320.668 389.6 205.6040000000001 389.6 205.6040000000001 463.552 320.668 463.552 carb 0
171.36000000000007 372.268 101.60000000000005 372.268 101.60000000000005 547.876 171.36000000000007 547.876 vegetable 0
204.41600000000005 325.6 89.60000000000002 325.6 89.60000000000005 449.68000000000006 204.41600000000005 449.68000000000006 carb 0
204.42000000000002 202.928 84.26800000000003 202.928 84.26800000000003 281.04 204.42000000000004 281.04 vegetable 0
188.42000000000002 210.93600000000004 124.26800000000003 210.93600000000004 124.26800000000003 299.192 188.42000000000007 299.192 carb 0
244.94800000000004 422.928 184.2680000000001 422.928 184.2680000000001 522.256 244.94800000000004 522.256 carb 0
322.93600000000015 464.264 222.55200000000005 464.264 222.55200000000005 535.064 322.93600000000015 535.064 carb 0
365.45600000000013 548.264 237.60000000000005 548.264 237.60000000000005 582.024 365.45600000000013 582.024 carb 0
565.956 381.36800000000005 461.596 381.368 461.59600000000006 480.2640000000001 565.956 480.2640000000001 carb 0
493.4359999999999 314.93600000000004 426.932 314.936 426.932 419.80000000000007 493.4359999999999 419.8000000000001 vegetable 0
504.1039999999999 302.66400000000004 450.9359999999999 302.664 450.9359999999999 436.87200000000007 504.1039999999999 436.8720000000001 carb 0
594.756 292.2680000000001 560.268 292.2680000000001 560.268 338.6760000000001 594.756 338.6760000000001 carb 0
597.956 228.26400000000007 556.268 228.26400000000007 556.268 293.8480000000001 597.956 293.8480000000001 carb 0
455.044 281.332 416.268 281.332 416.268 336.54 455.044 336.54 carb 0
344.13200000000006 46.936000000000035 228.26799999999997 46.93600000000003 228.26799999999997 127.35200000000003 344.13200000000006 127.35200000000003 vegetable 0
467.72800000000007 67.99600000000004 337.72800000000007 67.99600000000002 337.72800000000007 138.02000000000007 467.72800000000007 138.02000000000007 vegetable 0
239.61199999999997 81.60000000000002 170.932 81.60000000000002 170.932 132.68800000000002 239.61199999999997 132.68800000000005 vegetable 0
304.672 117.60000000000002 253.6 117.60000000000002 253.6 208.46400000000006 304.672 208.46400000000006 vegetable 0
209.75200000000007 289.6 136.26400000000007 289.6 136.26400000000007 354.688 209.75200000000007 354.688 vegetable 0
150.03200000000007 266.124 64.00000000000003 266.124 64.00000000000003 316.26 150.03200000000007 316.26 vegetable 0
424.12 358.932 370.9359999999999 358.932 370.9359999999999 425.13199999999995 424.12 425.13199999999995 vegetable 0
558.488 190.12800000000004 491.464 190.12800000000004 491.464 329.0720000000001 558.488 329.0720000000001 vegetable 0
557.604 405.60000000000014 509.436 405.60000000000014 509.43600000000004 490.2400000000001 557.604 490.2400000000001 vegetable 0
545.692 353.60000000000014 494.932 353.60000000000014 494.932 410.1920000000001 545.692 410.1920000000001 vegetable 0
490.2400000000001 477.6 397.60000000000014 477.6 397.60000000000014 558.544 490.2400000000001 558.544 vegetable 0
427.32000000000005 434.63599999999997 328.536 434.63599999999997 328.53600000000006 528.66 427.32000000000016 528.66 vegetable 0