607.04639 11.81538500000004 51.907834 11.815385000000006 51.90783400000004 624 607.04639 624 Tonkatsu 0
402.595392 139.47076900000002 188.485407 139.470769 188.48540700000004 400.787692 402.595392 400.787692 meat 0
424.621813 28.873846000000036 172.632873 28.87384600000002 172.632873 134.12923100000003 424.621813 134.12923100000006 vegetable 0
214.4 110.28923100000003 165.294009 110.28923100000003 165.294009 215.569231 214.4 215.569231 vegetable 0
428.814747 110.62153800000006 382.75637500000005 110.62153800000006 382.75637500000005 256.295385 428.814747 256.295385 vegetable 0
496.432565 10.178462000000057 439.245469 10.178462000000053 439.245469 101.28000000000006 496.432565 101.28000000000006 vegetable 0
586.602765 249.76000000000005 484.468203 249.76000000000005 484.468203 404.6153850000001 586.602765 404.6153850000001 vegetable 0
220.16589900000008 356.43076899999994 58.46513100000004 356.43076899999994 58.465131000000056 616.123077 220.16589900000008 616.123077 carb 0
516.886022 151.29846200000006 471.36835599999995 151.29846200000006 471.36835599999995 214.14153800000005 516.886022 214.14153800000005 meat 0
505.875269 161.48923100000005 483.165591 161.48923100000005 483.165591 193.12000000000006 505.875269 193.12000000000006 vegetable 0
529.985868 379.4092310000001 508.721352 379.4092310000001 508.721352 416.4553850000001 529.985868 416.4553850000001 meat 0
544.14255 307.2000000000001 523.802151 307.2000000000001 523.802151 358.64615400000014 544.14255 358.64615400000014 meat 0
542.048541 248.13538500000007 517.244854 248.13538500000007 517.244854 290.3507690000001 542.048541 290.3507690000001 meat 0
493.291551 290.7938460000001 471.36835599999995 290.7938460000001 471.36835599999995 345.5138460000001 493.291551 345.5138460000001 meat 0
590.795699 320.3323080000001 566.395084 320.3323080000001 566.395084 362.5969230000001 590.795699 362.5969230000001 meat 0